750
8 15 
518 525 
847 894 
915 937 
297 321 
183 242 
392 408 
832 912 
344 372 
150 153 
44 67 
885 929 
744 796 
867 
619 721 
469 471 
12 977 
51 88 
543 553 
244 252 
513 617 
581 615 
327 376 
522 524 
805 857 
661 795 
409 470 
413 415 
475 481 
339 341 
249 262 
169 204 
454 455 
165 173 
355 373 
815 
622 624 
46 55 
608 630 
146 151 
482 537 
952 973 
662 675 
510 607 
838 876 
458 461 
637 660 
401 402 
833 835 
200 243 
881 932 
231 236 
263 289 
547 566 
808 858 
991 993 
424 452 
511 521 
307 318 
612 625 
801 825 
371 388 
368 383 
91 94 
837 861 
155 195 
93 115 
182 188 
407 414 
494 544 
582 585 
930 949 
956 988 
573 609 
813 817 
129 134 
866 879 
529 545 
10 995 
779 
144 147 
36 61 
726 770 
108 118 
947 953 
20 27 
114 162 
960 982 
789 816 
671 
394 410 
620 670 
841 853 
664 681 
375 465 
270 304 
714 735 
38 
101 105 
171 226 
40 80 
438 447 
840 846 
939 
797 814 
47 65 
49 52 
314 
737 763 
533 
728 
928 961 
306 322 
703 716 
765 800 
87 
643 653 
139 
130 133 
359 366 
697 705 
443 490 
199 227 
689 695 
255 
247 
590 595 
710 759 
254 
674 701 
81 
450 
562 571 
330 345 
758 769 
160 163 
740 751 
676 698 
137 138 
30 32 
72 99 
125 
951 
570 
241 
143 218 
586 589 
275 
26 31 
256 386 
665 686 
259 285 
422 444 
113 
287 
211 
18 124 
849 
964 
605 
433 
198 238 
572 583 
588 
336 350 
897 910 
123 126 
806 824 
156 157 
459 474 
478 492 
950 
889 
266 288 
89 
715 753 
688 
434 437 
166 
59 71 
754 
337 343 
760 794 
45 
974 979 
871 882 
934 990 
782 788 
774 810 
83 
911 918 
116 128 
684 711 
96 102 
320 
338 353 
913 
638 
706 
836 
856 873 
663 
567 
23 
962 
802 
920 943 
223 271 
196 
818 834 
462 
385 390 
6 984 
528 534 
428 464 
891 903 
828 868 
273 290 
997 
109 
820 
181 
22 
775 
906 
85 119 
546 
149 
645 
599 601 
577 580 
631 633 
248 257 
495 501 
234 250 
965 996 
197 
66 82 
771 
560 
216 
503 517 
651 657 
732 
504 
161 206 
563 579 
957 958 
76 95 
862 872 
405 426 
666 668 
954 
168 172 
224 246 
484 487 
300 
731 781 
187 
280 331 
986 
260 
0 37 
127 
217 
550 
429 
919 927 
594 
86 117 
365 382 
530 
940 941 
5 
860 
269 335 
281 
228 
942 
381 
848 
219 
924 
500 
286 
78 
717 720 
214 215 
708 
417 419 
457 
803 
451 
745 
773 793 
2 967 
508 
539 
310 399 
551 
175 185 
34 
635 659 
752 762 
632 636 
296 
68 69 
370 
404 
723 
499 
532 
877 
890 
899 
313 
472 
725 
907 
644 
309 
536 
497 
190 207 
507 
28 
302 
367 
628 709 
261 
883 884 
757 
64 981 
946 968 
629 
887 
559 
479 
761 
998 
969 
509 
557 
799 
167 
4 
963 
673 683 
498 535 
202 
468 
502 
623 
845 
712 
908 
598 600 
718 
13 
606 
230 
416 
750 783 
512 558 
488 
301 
736 
730 
480 
896 
19 
391 
329 
972 
699 749 
900 
418 427 
294 
901 909 
516 
384 432 
251 
596 
485 
921 
11 
604 
713 
57 58 
555 
277 
423 
756 
618 634 
191 237 
898 904 
131 158 
746 
729 
812 
777 
179 
364 
264 291 
3 
387 
902 916 
654 
549 
679 
819 
201 
466 476 
328 
945 980 
576 
229 
92 
514 
222 
869 
864 
561 
70 
154 
483 
739 
148 
411 
295 395 
614 
7 
145 
768 
527 542 
855 
25 
602 
792 
360 
473 
616 
755 
184 
467 
194 
548 552 
463 
905 
103 
985 999 
646 
50 
648 
292 
677 
435 
268 
923 
439 
348 
611 
741 
994 
193 
98 
347 
893 
626 
830 
48 
935 
90 
79 84 
35 
460 
823 
265 
106 
541 
880 
922 
393 
225 
349 
389 
685 700 
208 
852 
878 
829 
704 
279 
178 
839 
936 
678 
747 
992 
641 
21 
203 
627 
959 
9 
60 
358 
233 
245 
210 
406 
446 
926 
564 568 
722 
978 
844 
152 180 
398 403 
272 
987 
496 523 
831 
159 
578 587 
888 
702 
111 
456 
970 
575 
53 54 
378 
189 
724 
305 
613 
727 
400 
603 696 
299 
707 
97 104 
486 
743 
73 
931 
41 
361 
778 
332 
650 
221 253 
944 
324 363 
352 
798 892 
445 449 
584 
436 
100 
826 
493 
120 
396 
682 
274 
62 
140 
786 
39 
29 
610 
442 
311 
886 
283 
669 
865 
804 
63 
505 
278 
821 
640 
719 
440 
362 
142 
430 
333 
597 
284 
342 
656 
213 
870 
687 
267 
692 
303 
776 
315 
212 
526 
554 
369 
975 
822 
519 
235 
827 
75 
239 
738 
232 
863 
591 
850 
209 
811 
874 
787 
421 
925 
240 
565 
742 
680 
298 
177 
933 
356 
334 
506 
132 
652 
658 
1 
914 
323 
489 
767 
520 
312 
136 
121 
174 
785 
186 
276 
42 
491 
319 
976 
690 
790 
842 
377 
425 
412 
56 
593 
110 
938 
112 
807 
574 
431 
556 
733 
667 
326 
791 
540 
24 
766 
205 
77 
809 
380 
693 
917 
176 
515 
164 
875 
453 
843 
851 
107 
351 
357 
317 
691 
346 
592 
14 
74 
639 
647 
538 
955 
764 
672 
374 
655 
649 
531 
16 
135 
895 
569 
983 
966 
170 
258 
694 
854 
379 
859 
772 
293 
316 
621 
325 
441 
340 
354 
397 
17 
33 
477 
43 
122 
141 
192 
642 
220 
282 
308 
420 
448 
734 
748 
780 
784 
948 
971 
989 
